{
  "nbformat": 4,
  "nbformat_minor": 0,
  "metadata": {
    "colab": {
      "provenance": []
    },
    "kernelspec": {
      "name": "python3",
      "display_name": "Python 3"
    },
    "language_info": {
      "name": "python"
    }
  },
  "cells": [
    {
      "cell_type": "code",
      "metadata": {
        "id": "YicZmX7uj8U0",
        "colab": {
          "base_uri": "https://localhost:8080/"
        },
        "outputId": "0966a90c-2d4b-424c-e4bd-6529fba35fc3"
      },
      "source": [
        "from google.colab import drive\n",
        "drive.mount('/content/drive')"
      ],
      "execution_count": null,
      "outputs": [
        {
          "output_type": "stream",
          "name": "stdout",
          "text": [
            "Mounted at /content/drive\n"
          ]
        }
      ]
    },
    {
      "cell_type": "code",
      "metadata": {
        "colab": {
          "base_uri": "https://localhost:8080/"
        },
        "id": "FkMrbL5EkdfA",
        "outputId": "0239d675-dc98-41c0-8c6e-557e448e2f72"
      },
      "source": [
        "%cd /content/drive/My Drive/CV_tests/"
      ],
      "execution_count": null,
      "outputs": [
        {
          "output_type": "stream",
          "name": "stdout",
          "text": [
            "/content/drive/My Drive/CV_tests\n"
          ]
        }
      ]
    },
    {
      "cell_type": "code",
      "metadata": {
        "colab": {
          "base_uri": "https://localhost:8080/"
        },
        "id": "i6Y0H7BwkjO4",
        "outputId": "26fd569b-331d-4f98-cded-4af6341129ec"
      },
      "source": [
        "%ls"
      ],
      "execution_count": null,
      "outputs": [
        {
          "output_type": "stream",
          "name": "stdout",
          "text": [
            "Assignment_2_Sol.ipynb   movie-wall-e-ad1.jpg\n",
            "beach.jpg                output.png\n",
            "cat.jpg                  peppers.pgm\n",
            "catnew.bmp               peppers.png\n",
            "chessboard.jpg           Railroad-Tracks-Perspective.jpg\n",
            "circles.jpg              Report.gdoc\n",
            "Class_Jan_31_2022.ipynb  rotated_image.png\n",
            "CV_ImageFormation.ipynb  small_cat.jpg\n",
            "dog.bmp                  test11.jpg\n",
            "lenna.pgm                test1.jpg\n",
            "lenna.png\n"
          ]
        }
      ]
    },
    {
      "cell_type": "code",
      "metadata": {
        "id": "bCbT2aSiqGuX"
      },
      "source": [
        "from PIL import Image\n",
        "import numpy as np\n",
        "import math\n",
        "from scipy import signal"
      ],
      "execution_count": null,
      "outputs": []
    },
    {
      "cell_type": "markdown",
      "metadata": {
        "id": "ipjmtZanNUht"
      },
      "source": [
        "# **Part** **1.1** "
      ]
    },
    {
      "cell_type": "code",
      "metadata": {
        "id": "FcN4blN2qero"
      },
      "source": [
        "def boxfilter(n):\n",
        "\n",
        "\tassert(n%2 != 0), \"Dimension must be odd\"\n",
        "\tfilter = []\n",
        "\tfor i in range(0,n):\n",
        "\t\trow = []\n",
        "\t\tfor j in range(0,n):\t\t\n",
        "\t\t\trow.append(1/int(n*n))\t# Dvide every value by n^2\n",
        "\t\tfilter.append(row)\n",
        "\n",
        "\t\n",
        "\treturn np.asarray(filter)"
      ],
      "execution_count": null,
      "outputs": []
    },
    {
      "cell_type": "markdown",
      "metadata": {
        "id": "0QvXei4UNkTP"
      },
      "source": [
        "# **Answers**\n",
        " "
      ]
    },
    {
      "cell_type": "code",
      "metadata": {
        "colab": {
          "base_uri": "https://localhost:8080/"
        },
        "id": "aNl13iyqqyas",
        "outputId": "7f76ce34-d6c1-4b79-b085-9e7b46a61010"
      },
      "source": [
        "boxfilter(3)\n",
        "\n"
      ],
      "execution_count": null,
      "outputs": [
        {
          "output_type": "execute_result",
          "data": {
            "text/plain": [
              "array([[0.11111111, 0.11111111, 0.11111111],\n",
              "       [0.11111111, 0.11111111, 0.11111111],\n",
              "       [0.11111111, 0.11111111, 0.11111111]])"
            ]
          },
          "metadata": {},
          "execution_count": 8
        }
      ]
    },
    {
      "cell_type": "code",
      "metadata": {
        "colab": {
          "base_uri": "https://localhost:8080/",
          "height": 287
        },
        "id": "gQk_sId7PTD6",
        "outputId": "56861d0b-9544-46a8-fb79-17999dc18624"
      },
      "source": [
        "boxfilter(4)"
      ],
      "execution_count": null,
      "outputs": [
        {
          "output_type": "error",
          "ename": "AssertionError",
          "evalue": "ignored",
          "traceback": [
            "\u001b[0;31m---------------------------------------------------------------------------\u001b[0m",
            "\u001b[0;31mAssertionError\u001b[0m                            Traceback (most recent call last)",
            "\u001b[0;32m<ipython-input-9-5870f78beb34>\u001b[0m in \u001b[0;36m<module>\u001b[0;34m()\u001b[0m\n\u001b[0;32m----> 1\u001b[0;31m \u001b[0mboxfilter\u001b[0m\u001b[0;34m(\u001b[0m\u001b[0;36m4\u001b[0m\u001b[0;34m)\u001b[0m\u001b[0;34m\u001b[0m\u001b[0;34m\u001b[0m\u001b[0m\n\u001b[0m",
            "\u001b[0;32m<ipython-input-6-d3d2fc33dfdb>\u001b[0m in \u001b[0;36mboxfilter\u001b[0;34m(n)\u001b[0m\n\u001b[1;32m      1\u001b[0m \u001b[0;32mdef\u001b[0m \u001b[0mboxfilter\u001b[0m\u001b[0;34m(\u001b[0m\u001b[0mn\u001b[0m\u001b[0;34m)\u001b[0m\u001b[0;34m:\u001b[0m\u001b[0;34m\u001b[0m\u001b[0;34m\u001b[0m\u001b[0m\n\u001b[1;32m      2\u001b[0m \u001b[0;34m\u001b[0m\u001b[0m\n\u001b[0;32m----> 3\u001b[0;31m         \u001b[0;32massert\u001b[0m\u001b[0;34m(\u001b[0m\u001b[0mn\u001b[0m\u001b[0;34m%\u001b[0m\u001b[0;36m2\u001b[0m \u001b[0;34m!=\u001b[0m \u001b[0;36m0\u001b[0m\u001b[0;34m)\u001b[0m\u001b[0;34m,\u001b[0m \u001b[0;34m\"Dimension must be odd\"\u001b[0m\u001b[0;34m\u001b[0m\u001b[0;34m\u001b[0m\u001b[0m\n\u001b[0m\u001b[1;32m      4\u001b[0m         \u001b[0mfilter\u001b[0m \u001b[0;34m=\u001b[0m \u001b[0;34m[\u001b[0m\u001b[0;34m]\u001b[0m\u001b[0;34m\u001b[0m\u001b[0;34m\u001b[0m\u001b[0m\n\u001b[1;32m      5\u001b[0m         \u001b[0;32mfor\u001b[0m \u001b[0mi\u001b[0m \u001b[0;32min\u001b[0m \u001b[0mrange\u001b[0m\u001b[0;34m(\u001b[0m\u001b[0;36m0\u001b[0m\u001b[0;34m,\u001b[0m\u001b[0mn\u001b[0m\u001b[0;34m)\u001b[0m\u001b[0;34m:\u001b[0m\u001b[0;34m\u001b[0m\u001b[0;34m\u001b[0m\u001b[0m\n",
            "\u001b[0;31mAssertionError\u001b[0m: Dimension must be odd"
          ]
        }
      ]
    },
    {
      "cell_type": "code",
      "metadata": {
        "colab": {
          "base_uri": "https://localhost:8080/"
        },
        "id": "Zyv6JRPoPYnQ",
        "outputId": "d3ffdd9a-1601-4ada-e729-20aeec0b044d"
      },
      "source": [
        "boxfilter(5)"
      ],
      "execution_count": null,
      "outputs": [
        {
          "output_type": "execute_result",
          "data": {
            "text/plain": [
              "array([[0.04, 0.04, 0.04, 0.04, 0.04],\n",
              "       [0.04, 0.04, 0.04, 0.04, 0.04],\n",
              "       [0.04, 0.04, 0.04, 0.04, 0.04],\n",
              "       [0.04, 0.04, 0.04, 0.04, 0.04],\n",
              "       [0.04, 0.04, 0.04, 0.04, 0.04]])"
            ]
          },
          "metadata": {},
          "execution_count": 10
        }
      ]
    },
    {
      "cell_type": "markdown",
      "metadata": {
        "id": "F5jP0sOJNpKi"
      },
      "source": [
        "# **Part** **1.2** "
      ]
    },
    {
      "cell_type": "code",
      "metadata": {
        "id": "Bz6zXCQgP01i"
      },
      "source": [
        "def gauss1d(sigma):\n",
        "  length=int(math.ceil(sigma*6)) #roundoff we use math.ceil not math.floor. Math.ceil returns the smallest Double data type that is greater than or equal to the argument\n",
        "  if (length%2 == 0): \n",
        "    length = length + 1 #it will covert even number into odd by adding 1\n",
        "  cen = length/2\n",
        "\n",
        "  x = np.arange(-cen, cen +1)\n",
        "  result = np.exp(-(x**2)/(2*sigma**2))\n",
        "  result = result/np.sum(result)\n",
        "\n",
        "  return(result) \n"
      ],
      "execution_count": null,
      "outputs": []
    },
    {
      "cell_type": "markdown",
      "metadata": {
        "id": "w_5ABg1cNrUq"
      },
      "source": [
        "# **Answers** "
      ]
    },
    {
      "cell_type": "code",
      "metadata": {
        "colab": {
          "base_uri": "https://localhost:8080/"
        },
        "id": "3NW-RC2QVVSi",
        "outputId": "111dfbaa-62db-45c8-d875-d7f120d7eb63"
      },
      "source": [
        "  gauss1d(0.3)"
      ],
      "execution_count": null,
      "outputs": [
        {
          "output_type": "execute_result",
          "data": {
            "text/plain": [
              "array([7.47255758e-06, 4.99992527e-01, 4.99992527e-01, 7.47255758e-06])"
            ]
          },
          "metadata": {},
          "execution_count": 13
        }
      ]
    },
    {
      "cell_type": "code",
      "metadata": {
        "colab": {
          "base_uri": "https://localhost:8080/"
        },
        "id": "R39odSCDZsMD",
        "outputId": "1ff2c18e-37ae-4ea2-aa23-a3c746ba5bcb"
      },
      "source": [
        "gauss1d(0.5)"
      ],
      "execution_count": null,
      "outputs": [
        {
          "output_type": "execute_result",
          "data": {
            "text/plain": [
              "array([0.0089931, 0.4910069, 0.4910069, 0.0089931])"
            ]
          },
          "metadata": {},
          "execution_count": 14
        }
      ]
    },
    {
      "cell_type": "code",
      "metadata": {
        "colab": {
          "base_uri": "https://localhost:8080/"
        },
        "id": "FcWnmY8AabmD",
        "outputId": "10abc6d2-b7f2-4eae-f9d5-88950381e079"
      },
      "source": [
        "gauss1d(1)"
      ],
      "execution_count": null,
      "outputs": [
        {
          "output_type": "execute_result",
          "data": {
            "text/plain": [
              "array([0.00087271, 0.01752886, 0.12952176, 0.35207666, 0.35207666,\n",
              "       0.12952176, 0.01752886, 0.00087271])"
            ]
          },
          "metadata": {},
          "execution_count": 15
        }
      ]
    },
    {
      "cell_type": "code",
      "metadata": {
        "colab": {
          "base_uri": "https://localhost:8080/"
        },
        "id": "czklz24LhzL9",
        "outputId": "84f1dd7f-6ee9-4313-f613-f8ccbc738cfa"
      },
      "source": [
        "gauss1d(2)"
      ],
      "execution_count": null,
      "outputs": [
        {
          "output_type": "execute_result",
          "data": {
            "text/plain": [
              "array([0.00101494, 0.00454863, 0.01587627, 0.04315617, 0.09136162,\n",
              "       0.15062984, 0.19341254, 0.19341254, 0.15062984, 0.09136162,\n",
              "       0.04315617, 0.01587627, 0.00454863, 0.00101494])"
            ]
          },
          "metadata": {},
          "execution_count": 16
        }
      ]
    },
    {
      "cell_type": "markdown",
      "metadata": {
        "id": "XlRFeIR7PcUH"
      },
      "source": [
        "# **Part** **1.3** "
      ]
    },
    {
      "cell_type": "code",
      "metadata": {
        "id": "PzNJ5IRBjy2G"
      },
      "source": [
        "def gauss2d(sigma):\n",
        "  gauss2d_1= gauss1d(sigma)[np.newaxis] #1D array will become 2D array\n",
        "  gauss2d_2= gauss2d_1. T #Taking Transpose\n",
        "  gauss2d_final= signal.convolve2d(gauss2d_1,gauss2d_2)\n",
        "  return(gauss2d_final)"
      ],
      "execution_count": null,
      "outputs": []
    },
    {
      "cell_type": "markdown",
      "metadata": {
        "id": "r4ity7yzP2ag"
      },
      "source": [
        "# **Answers** "
      ]
    },
    {
      "cell_type": "code",
      "metadata": {
        "colab": {
          "base_uri": "https://localhost:8080/"
        },
        "id": "t9Zb_ijPkTOr",
        "outputId": "907404d8-428b-44b9-eeda-563fa68fa5ea"
      },
      "source": [
        "gauss2d(0.3)"
      ],
      "execution_count": null,
      "outputs": [
        {
          "output_type": "execute_result",
          "data": {
            "text/plain": [
              "array([[5.58391168e-11, 3.73622295e-06, 3.73622295e-06, 5.58391168e-11],\n",
              "       [3.73622295e-06, 2.49992527e-01, 2.49992527e-01, 3.73622295e-06],\n",
              "       [3.73622295e-06, 2.49992527e-01, 2.49992527e-01, 3.73622295e-06],\n",
              "       [5.58391168e-11, 3.73622295e-06, 3.73622295e-06, 5.58391168e-11]])"
            ]
          },
          "metadata": {},
          "execution_count": 18
        }
      ]
    },
    {
      "cell_type": "code",
      "metadata": {
        "colab": {
          "base_uri": "https://localhost:8080/"
        },
        "id": "_NxVJ4VHlp8V",
        "outputId": "7425e48d-2867-4d48-aca8-7a0f917e8b2c"
      },
      "source": [
        "gauss2d(0.5)"
      ],
      "execution_count": null,
      "outputs": [
        {
          "output_type": "execute_result",
          "data": {
            "text/plain": [
              "array([[8.08759372e-05, 4.41567655e-03, 4.41567655e-03, 8.08759372e-05],\n",
              "       [4.41567655e-03, 2.41087771e-01, 2.41087771e-01, 4.41567655e-03],\n",
              "       [4.41567655e-03, 2.41087771e-01, 2.41087771e-01, 4.41567655e-03],\n",
              "       [8.08759372e-05, 4.41567655e-03, 4.41567655e-03, 8.08759372e-05]])"
            ]
          },
          "metadata": {},
          "execution_count": 19
        }
      ]
    },
    {
      "cell_type": "code",
      "metadata": {
        "colab": {
          "base_uri": "https://localhost:8080/"
        },
        "id": "qUR9lh4bd1p5",
        "outputId": "d51f8892-4ae3-418e-d932-a79b6a7f9705"
      },
      "source": [
        "gauss2d(1)"
      ],
      "execution_count": null,
      "outputs": [
        {
          "output_type": "execute_result",
          "data": {
            "text/plain": [
              "array([[7.61624117e-07, 1.52976293e-05, 1.13035041e-04, 3.07261099e-04,\n",
              "        3.07261099e-04, 1.13035041e-04, 1.52976293e-05, 7.61624117e-07],\n",
              "       [1.52976293e-05, 3.07261099e-04, 2.27036949e-03, 6.17150414e-03,\n",
              "        6.17150414e-03, 2.27036949e-03, 3.07261099e-04, 1.52976293e-05],\n",
              "       [1.13035041e-04, 2.27036949e-03, 1.67758876e-02, 4.56015903e-02,\n",
              "        4.56015903e-02, 1.67758876e-02, 2.27036949e-03, 1.13035041e-04],\n",
              "       [3.07261099e-04, 6.17150414e-03, 4.56015903e-02, 1.23957974e-01,\n",
              "        1.23957974e-01, 4.56015903e-02, 6.17150414e-03, 3.07261099e-04],\n",
              "       [3.07261099e-04, 6.17150414e-03, 4.56015903e-02, 1.23957974e-01,\n",
              "        1.23957974e-01, 4.56015903e-02, 6.17150414e-03, 3.07261099e-04],\n",
              "       [1.13035041e-04, 2.27036949e-03, 1.67758876e-02, 4.56015903e-02,\n",
              "        4.56015903e-02, 1.67758876e-02, 2.27036949e-03, 1.13035041e-04],\n",
              "       [1.52976293e-05, 3.07261099e-04, 2.27036949e-03, 6.17150414e-03,\n",
              "        6.17150414e-03, 2.27036949e-03, 3.07261099e-04, 1.52976293e-05],\n",
              "       [7.61624117e-07, 1.52976293e-05, 1.13035041e-04, 3.07261099e-04,\n",
              "        3.07261099e-04, 1.13035041e-04, 1.52976293e-05, 7.61624117e-07]])"
            ]
          },
          "metadata": {},
          "execution_count": 20
        }
      ]
    },
    {
      "cell_type": "code",
      "metadata": {
        "colab": {
          "base_uri": "https://localhost:8080/"
        },
        "id": "di2gBoHdd3Ie",
        "outputId": "0dbb6cda-1861-40b5-c5d3-c06771bd0afd"
      },
      "source": [
        "gauss2d(2)"
      ],
      "execution_count": null,
      "outputs": [
        {
          "output_type": "execute_result",
          "data": {
            "text/plain": [
              "array([[1.03009483e-06, 4.61656473e-06, 1.61133942e-05, 4.38007466e-05,\n",
              "        9.27261814e-05, 1.52879628e-04, 1.96301328e-04, 1.96301328e-04,\n",
              "        1.52879628e-04, 9.27261814e-05, 4.38007466e-05, 1.61133942e-05,\n",
              "        4.61656473e-06, 1.03009483e-06],\n",
              "       [4.61656473e-06, 2.06900077e-05, 7.22152227e-05, 1.96301328e-04,\n",
              "        4.15569914e-04, 6.85158956e-04, 8.79761514e-04, 8.79761514e-04,\n",
              "        6.85158956e-04, 4.15569914e-04, 1.96301328e-04, 7.22152227e-05,\n",
              "        2.06900077e-05, 4.61656473e-06],\n",
              "       [1.61133942e-05, 7.22152227e-05, 2.52055894e-04, 6.85158956e-04,\n",
              "        1.45048152e-03, 2.39143974e-03, 3.07066940e-03, 3.07066940e-03,\n",
              "        2.39143974e-03, 1.45048152e-03, 6.85158956e-04, 2.52055894e-04,\n",
              "        7.22152227e-05, 1.61133942e-05],\n",
              "       [4.38007466e-05, 1.96301328e-04, 6.85158956e-04, 1.86245514e-03,\n",
              "        3.94281756e-03, 6.50060718e-03, 8.34694484e-03, 8.34694484e-03,\n",
              "        6.50060718e-03, 3.94281756e-03, 1.86245514e-03, 6.85158956e-04,\n",
              "        1.96301328e-04, 4.38007466e-05],\n",
              "       [9.27261814e-05, 4.15569914e-04, 1.45048152e-03, 3.94281756e-03,\n",
              "        8.34694484e-03, 1.37617855e-02, 1.76704824e-02, 1.76704824e-02,\n",
              "        1.37617855e-02, 8.34694484e-03, 3.94281756e-03, 1.45048152e-03,\n",
              "        4.15569914e-04, 9.27261814e-05],\n",
              "       [1.52879628e-04, 6.85158956e-04, 2.39143974e-03, 6.50060718e-03,\n",
              "        1.37617855e-02, 2.26893485e-02, 2.91337002e-02, 2.91337002e-02,\n",
              "        2.26893485e-02, 1.37617855e-02, 6.50060718e-03, 2.39143974e-03,\n",
              "        6.85158956e-04, 1.52879628e-04],\n",
              "       [1.96301328e-04, 8.79761514e-04, 3.07066940e-03, 8.34694484e-03,\n",
              "        1.76704824e-02, 2.91337002e-02, 3.74084115e-02, 3.74084115e-02,\n",
              "        2.91337002e-02, 1.76704824e-02, 8.34694484e-03, 3.07066940e-03,\n",
              "        8.79761514e-04, 1.96301328e-04],\n",
              "       [1.96301328e-04, 8.79761514e-04, 3.07066940e-03, 8.34694484e-03,\n",
              "        1.76704824e-02, 2.91337002e-02, 3.74084115e-02, 3.74084115e-02,\n",
              "        2.91337002e-02, 1.76704824e-02, 8.34694484e-03, 3.07066940e-03,\n",
              "        8.79761514e-04, 1.96301328e-04],\n",
              "       [1.52879628e-04, 6.85158956e-04, 2.39143974e-03, 6.50060718e-03,\n",
              "        1.37617855e-02, 2.26893485e-02, 2.91337002e-02, 2.91337002e-02,\n",
              "        2.26893485e-02, 1.37617855e-02, 6.50060718e-03, 2.39143974e-03,\n",
              "        6.85158956e-04, 1.52879628e-04],\n",
              "       [9.27261814e-05, 4.15569914e-04, 1.45048152e-03, 3.94281756e-03,\n",
              "        8.34694484e-03, 1.37617855e-02, 1.76704824e-02, 1.76704824e-02,\n",
              "        1.37617855e-02, 8.34694484e-03, 3.94281756e-03, 1.45048152e-03,\n",
              "        4.15569914e-04, 9.27261814e-05],\n",
              "       [4.38007466e-05, 1.96301328e-04, 6.85158956e-04, 1.86245514e-03,\n",
              "        3.94281756e-03, 6.50060718e-03, 8.34694484e-03, 8.34694484e-03,\n",
              "        6.50060718e-03, 3.94281756e-03, 1.86245514e-03, 6.85158956e-04,\n",
              "        1.96301328e-04, 4.38007466e-05],\n",
              "       [1.61133942e-05, 7.22152227e-05, 2.52055894e-04, 6.85158956e-04,\n",
              "        1.45048152e-03, 2.39143974e-03, 3.07066940e-03, 3.07066940e-03,\n",
              "        2.39143974e-03, 1.45048152e-03, 6.85158956e-04, 2.52055894e-04,\n",
              "        7.22152227e-05, 1.61133942e-05],\n",
              "       [4.61656473e-06, 2.06900077e-05, 7.22152227e-05, 1.96301328e-04,\n",
              "        4.15569914e-04, 6.85158956e-04, 8.79761514e-04, 8.79761514e-04,\n",
              "        6.85158956e-04, 4.15569914e-04, 1.96301328e-04, 7.22152227e-05,\n",
              "        2.06900077e-05, 4.61656473e-06],\n",
              "       [1.03009483e-06, 4.61656473e-06, 1.61133942e-05, 4.38007466e-05,\n",
              "        9.27261814e-05, 1.52879628e-04, 1.96301328e-04, 1.96301328e-04,\n",
              "        1.52879628e-04, 9.27261814e-05, 4.38007466e-05, 1.61133942e-05,\n",
              "        4.61656473e-06, 1.03009483e-06]])"
            ]
          },
          "metadata": {},
          "execution_count": 21
        }
      ]
    },
    {
      "cell_type": "markdown",
      "metadata": {
        "id": "r0hKTIKsP-8j"
      },
      "source": [
        "# **Part** **1.4 (a)** "
      ]
    },
    {
      "cell_type": "code",
      "metadata": {
        "id": "UtC_k7Zzka0l"
      },
      "source": [
        "def gaussconvolve2d(array,sigma):\n",
        "  filter=gauss2d(sigma)\n",
        "  gaussfilter= signal.convolve2d(array,filter,'same')\n",
        "  return(gaussfilter)\n",
        "\n"
      ],
      "execution_count": null,
      "outputs": []
    },
    {
      "cell_type": "code",
      "metadata": {
        "colab": {
          "base_uri": "https://localhost:8080/",
          "height": 286
        },
        "id": "uBnFFHvwlfSO",
        "outputId": "bbf0b51d-ef7c-46ef-8153-f1ea7f97142c"
      },
      "source": [
        "import matplotlib.image as mpimg\n",
        "import matplotlib.pyplot as plt\n",
        "img = Image.open('/content/drive/My Drive/CV_tests/dog.bmp').convert('L') #Convert into Grayscale \n",
        "plt.imshow(img)\n"
      ],
      "execution_count": null,
      "outputs": [
        {
          "output_type": "execute_result",
          "data": {
            "text/plain": [
              "<matplotlib.image.AxesImage at 0x7ff70aedf3d0>"
            ]
          },
          "metadata": {},
          "execution_count": 23
        },
        {
          "output_type": "display_data",
          "data": {
